# This file may be used to create an environment using:
# $ conda create --name <env> --file <this file>
# platform: win-64
bottleneck=1.3.7=py310h9128911_0
brotli=1.1.0=hcfcfb64_1
brotli-bin=1.1.0=hcfcfb64_1
bzip2=1.0.8=h2bbff1b_6
ca-certificates=2024.3.11=haa95532_0
certifi=2024.2.2=py310haa95532_0
contourpy=1.2.1=py310h232114e_0
cycler=0.12.1=pyhd8ed1ab_0
fonttools=4.52.4=py310ha8f682b_0
freetype=2.12.1=ha860e81_0
glpk=5.0=h8ffe710_0
gurobi=11.0.2=py310_0
icu=73.2=h63175ca_0
intel-openmp=2024.1.0=h57928b3_966
ipopt=3.14.16=ha31d76d_2
jpeg=9e=hcfcfb64_3
kiwisolver=1.4.5=py310h232114e_1
krb5=1.20.1=heb0366b_0
lcms2=2.15=ha5c8aab_0
lerc=3.0=h0e60522_0
libblas=3.9.0=18_win64_mkl
libbrotlicommon=1.1.0=hcfcfb64_1
libbrotlidec=1.1.0=hcfcfb64_1
libbrotlienc=1.1.0=hcfcfb64_1
libcblas=3.9.0=18_win64_mkl
libclang=14.0.6=default_hb5a9fac_1
libclang13=14.0.6=default_h8e68704_1
libdeflate=1.17=hcfcfb64_0
libffi=3.4.4=hd77b12b_1
libflang=5.0.0=h6538335_20180525
libhwloc=2.9.1=h51c2c0f_0
libiconv=1.17=hcfcfb64_2
liblapack=3.9.0=18_win64_mkl
libpng=1.6.39=h8cc25b3_0
libpq=12.17=h906ac69_0
libtiff=4.5.1=hd77b12b_0
libwebp-base=1.4.0=hcfcfb64_0
libxml2=2.10.4=h0ad7f3c_2
llvm-meta=5.0.0=0
lz4-c=1.9.4=hcfcfb64_0
matplotlib=3.8.4=py310h5588dad_2
matplotlib-base=3.8.4=py310hadb10a8_2
metis=5.1.0=h63175ca_1007
mkl=2022.1.0=h6a75c08_874
mumps-seq=5.7.1=h7c2359a_0
munkres=1.1.4=pyh9f0ad1d_0
numexpr=2.8.7=mkl_py310hd551296_3
numpy=1.26.4=py310hf667824_0
openjpeg=2.4.0=h4fc8c34_0
openmp=5.0.0=vc14_1
openssl=3.3.0=h2466b09_3
packaging=24.0=pyhd8ed1ab_0
pandas=2.2.1=py310h5da7b33_0
pillow=10.3.0=py310h2bbff1b_0
pip=24.0=py310haa95532_0
ply=3.11=pyhd8ed1ab_2
pthreads-win32=2.9.1=hfa6e2cd_3
pyomo=6.7.3=py310h9e98ed7_0
pyparsing=3.1.2=pyhd8ed1ab_0
pyqt=5.15.10=py310hd77b12b_0
pyqt5-sip=12.13.0=py310h2bbff1b_0
python=3.10.14=he1021f5_1
python-dateutil=2.9.0post0=py310haa95532_2
python-tzdata=2023.3=pyhd3eb1b0_0
python_abi=3.10=2_cp310
pytz=2024.1=py310haa95532_0
qt-main=5.15.2=h19c9488_10
setuptools=69.5.1=py310haa95532_0
sip=6.7.12=py310h00ffb61_0
six=1.16.0=pyhd3eb1b0_1
sqlite=3.45.3=h2bbff1b_0
tbb=2021.9.0=h91493d7_0
tk=8.6.14=h0416ee5_0
tomli=2.0.1=pyhd8ed1ab_0
tornado=6.4=py310h8d17308_0
tzdata=2024a=h04d1e81_0
ucrt=10.0.22621.0=h57928b3_0
unicodedata2=15.1.0=py310h8d17308_0
vc=14.2=h2eaa2aa_1
vc14_runtime=14.38.33135=h835141b_20
vs2015_runtime=14.38.33135=h22015db_20
wheel=0.43.0=py310haa95532_0
xz=5.4.6=h8cc25b3_1
zlib=1.2.13=h8cc25b3_1
zstd=1.5.5=hd43e919_2
